0 0.299020 0.908701 0.457516 0.181373
0 0.241626 0.844669 0.301879 0.183211
0 0.418301 0.612286 0.691993 0.445772
0 0.118260 0.743107 0.236520 0.190870
0 0.120915 0.312806 0.241830 0.412377
0 0.762868 0.674020 0.051879 0.027574
0 0.713644 0.435355 0.093137 0.066789
0 0.774918 0.486826 0.215686 0.109681
1 0.209150 0.397365 0.414216 0.319853
1 0.936479 0.405790 0.092729 0.082414
1 0.868668 0.520987 0.086193 0.056679
1 0.939951 0.621324 0.072712 0.036152
1 0.451185 0.397365 0.098448 0.050245
1 0.447508 0.345895 0.133578 0.056985
1 0.370711 0.373315 0.046160 0.036458
2 0.756332 0.726256 0.013480 0.005821
0 0.887663 0.494179 0.013889 0.028799
0 0.401552 0.377145 0.009804 0.017770
0 0.534518 0.378064 0.059232 0.135417
0 0.541462 0.318015 0.026552 0.015931