0 0.768995 0.374540 0.137663 0.131434
0 0.804739 0.433211 0.064542 0.053309
0 0.242647 0.388021 0.053922 0.032782
0 0.290033 0.269148 0.053105 0.030944
0 0.022672 0.728554 0.045343 0.023897
0 0.264910 0.113817 0.052696 0.066483
0 0.291667 0.437500 0.081699 0.151348
0 0.258374 0.543811 0.066585 0.035539
1 0.251838 0.567555 0.034722 0.013787
1 0.695874 0.832108 0.042075 0.018382
1 0.095180 0.439491 0.038399 0.020527
0 0.735090 0.128523 0.017565 0.093444
0 0.386846 0.205576 0.064542 0.045343
0 0.768587 0.460478 0.051879 0.041054
1 0.038807 0.809896 0.036765 0.021752
0 0.280842 0.366575 0.020833 0.009498