0 0.370915 0.187806 0.174837 0.102328
0 0.452410 0.417433 0.147467 0.070772
0 0.263276 0.616881 0.149918 0.033395
0 0.207721 0.657322 0.061683 0.032782
0 0.254902 0.510723 0.056373 0.071078
0 0.474673 0.761795 0.080065 0.024816
0 0.191381 0.709406 0.050245 0.045650
0 0.057802 0.653952 0.067402 0.035233
0 0.058415 0.882047 0.034314 0.045956
0 0.014910 0.917433 0.028186 0.020527
0 0.463031 0.362439 0.033088 0.026348
0 0.267770 0.212163 0.056781 0.036458
0 0.192198 0.622243 0.008578 0.006127
0 0.438317 0.760417 0.007353 0.012255
1 0.151552 0.641085 0.093137 0.051164
1 0.069649 0.932445 0.029003 0.019914
1 0.231413 0.323836 0.016748 0.015931
4 0.319444 0.109988 0.017974 0.021446