0 0.513685 0.351562 0.082108 0.018689
4 0.512255 0.020221 0.016340 0.030637
4 0.684641 0.135110 0.027778 0.020221
4 0.419935 0.412071 0.011438 0.023897
4 0.457108 0.730699 0.026961 0.011642
4 0.775735 0.666054 0.033497 0.019608
4 0.883987 0.170037 0.019608 0.021446
4 0.863562 0.203431 0.017974 0.031863
4 0.898693 0.183211 0.029412 0.013480
4 0.879085 0.436275 0.045752 0.008578
4 0.773284 0.536458 0.023693 0.022672
4 0.735703 0.745711 0.020425 0.008578
4 0.837418 0.914522 0.026144 0.004289
4 0.886438 0.849571 0.021242 0.007966
4 0.761029 0.911152 0.008987 0.008578
4 0.969771 0.748775 0.021242 0.006127
4 0.225899 0.184743 0.020425 0.022672